x <- 100
x * 3
